sign changes of Gamma along y1, per r-column:  {0: 11, 1: 349}
invalid points by reason (subsampled grid): {'target<=0': 390, 'target>=K1(1)': 52, 'numerical': 0}
        r #roots in y1                     y1 root(s)          c       rho
1.000e-05            1                        0.08363          1  0.999965
1.214e-05            1                        0.08496          1  0.999959
1.475e-05            1                        0.08632          1  0.999950
1.791e-05            1                        0.08773          1  0.999941
2.175e-05            1                        0.08918          1  0.999929
2.641e-05            1                        0.09067          1  0.999915
3.208e-05            1                        0.09222          1  0.999898
3.896e-05            1                        0.09381          1  0.999878
4.731e-05            1                        0.09546          1  0.999855
5.745e-05            1                        0.09716          1  0.999826
6.977e-05            1                        0.09891          1  0.999792
8.473e-05            1                        0.10073          1  0.999752
1.029e-04            1                        0.10261          1  0.999704
1.250e-04            1                        0.10455      1.001  0.999647
1.518e-04            1                        0.10657      1.001  0.999578
1.843e-04            1                        0.10865      1.001  0.999497
2.238e-04            1                        0.11081      1.001  0.999400
2.718e-04            1                        0.11305      1.001  0.999285
3.301e-04            1                        0.11537      1.001  0.999149
4.009e-04            1                        0.11777      1.002  0.998986
4.868e-04            1                        0.12027      1.002  0.998793
5.912e-04            1                        0.12286      1.002  0.998565
7.180e-04            1                        0.12555      1.003  0.998293
8.719e-04            1                        0.12834      1.003  0.997972
1.059e-03            1                        0.13124      1.004  0.997591
1.286e-03            1                        0.13426      1.005  0.997140
1.562e-03            1                        0.13739      1.006  0.996607
1.896e-03            1                        0.14064      1.007  0.995978
2.303e-03            1                        0.14403      1.009  0.995234
2.797e-03            1                        0.14755      1.011  0.994358
3.397e-03            1                        0.15120      1.013  0.993325
4.125e-03            1                        0.15500      1.016  0.992110
5.009e-03            1                        0.15896      1.019  0.990682
6.083e-03            1                        0.16306      1.023  0.989005
7.388e-03            1                        0.16732      1.027  0.987040
8.972e-03            1                        0.17174      1.033  0.984739
1.090e-02            1                        0.17633       1.04  0.982050
1.323e-02            1                        0.18107      1.049  0.978914
1.607e-02            1                        0.18597       1.06  0.975261
1.951e-02            1                        0.19102      1.073  0.971018
2.370e-02            1                        0.19620      1.089  0.966098
2.878e-02            1                        0.20150       1.11  0.960409
3.495e-02            1                        0.20686      1.135  0.953849
4.245e-02            1                        0.21226      1.168  0.946308
5.155e-02            1                        0.21760       1.21  0.937670
6.260e-02            1                        0.22277      1.264  0.927812
7.602e-02            1                        0.22761      1.336  0.916615
9.232e-02            1                        0.23186      1.433  0.903962
1.121e-01            1                        0.23514      1.568  0.889756
1.362e-01            1                        0.23687      1.761  0.873937
1.654e-01            1                        0.23617      2.053  0.856512
2.008e-01            1                        0.23170      2.523  0.837624
2.439e-01            1                        0.22146      3.347  0.817662
2.962e-01            1                        0.20277       4.98  0.797468
3.597e-01            1                        0.17308      8.791  0.778596
4.368e-01            1                        0.13278      19.78  0.763242
5.304e-01            1                        0.08838      61.24  0.753105
6.442e-01            1                        0.04930      292.1  0.747903
7.823e-01            0                                                    
9.500e-01            0                                                    
