        c     S0*       rho  atom@1          range S0 #zeros dDelta/dS0 at zero Delta left end Delta right end
     1.02   5.606  0.990136  3.7756 [ 5.058, 29.986]      1         9.3869e-03    -5.8794e-03     +6.4831e-03
    1.049   4.802  0.978915  3.0931 [ 4.102, 29.982]      1         1.7717e-02    -1.4280e-02     +1.3423e-02
    1.079   4.405  0.969189  2.7600 [ 3.602, 29.985]      1         2.4171e-02    -2.2285e-02     +1.9448e-02
     1.11   4.146  0.960457  2.5441 [ 3.264, 29.986]      1         2.9596e-02    -2.9883e-02     +2.4933e-02
    1.141   3.958  0.952475  2.3869 [ 3.008, 29.998]      1         3.4338e-02    -3.7108e-02     +3.0027e-02
    1.174   3.811  0.945098  2.2646 [ 2.802, 29.991]      1         3.8582e-02    -4.3997e-02     +3.4838e-02
    1.207   3.692  0.938227  2.1654 [ 2.631, 29.992]      1         4.2445e-02    -5.0584e-02     +3.9406e-02
    1.241   3.593  0.931790  2.0826 [ 2.485, 29.993]      1         4.6002e-02    -5.6901e-02     +4.3774e-02
    1.277   3.509  0.925730  2.0118 [ 2.358, 29.989]      1         4.9310e-02    -6.2972e-02     +4.7977e-02
    1.313   3.436  0.920006  1.9504 [ 2.245, 29.996]      1         5.2407e-02    -6.8822e-02     +5.2020e-02
     1.35   3.373  0.914580  1.8963 [ 2.144, 29.993]      1         5.5326e-02    -7.4469e-02     +5.5944e-02
    1.389   3.317  0.909426  1.8482 [ 2.052, 29.997]      1         5.8091e-02    -7.9932e-02     +5.9742e-02
    1.428   3.267  0.904517  1.8050 [ 1.969, 29.987]      1         6.0722e-02    -8.5225e-02     +6.3451e-02
    1.469   3.223  0.899833  1.7658 [ 1.893, 29.983]      1         6.3233e-02    -9.0362e-02     +6.7059e-02
    1.511   3.182  0.895357  1.7302 [ 1.822, 29.982]      1         6.5639e-02    -9.5354e-02     +7.0574e-02
    1.554   3.146  0.891071  1.6975 [ 1.757, 29.986]      1         6.7951e-02    -1.0021e-01     +7.4004e-02
    1.598   3.113  0.886963  1.6674 [ 1.696, 29.993]      1         7.0177e-02    -1.0495e-01     +7.7353e-02
    1.643   3.083  0.883020  1.6396 [ 1.639, 29.983]      1         7.2326e-02    -1.0957e-01     +8.0659e-02
     1.69   3.055  0.879232  1.6137 [ 1.586, 29.995]      1         7.4405e-02    -1.1408e-01     +8.3866e-02
    1.738   3.030  0.875588  1.5896 [ 1.536, 29.990]      1         7.6419e-02    -1.1849e-01     +8.7040e-02
    1.788   3.007  0.872080  1.5670 [ 1.488, 29.987]      1         7.8374e-02    -1.2280e-01     +9.0155e-02
    1.839   2.986  0.868700  1.5459 [ 1.443, 29.986]      1         8.0275e-02    -1.2703e-01     +9.3214e-02
    1.891   2.966  0.865441  1.5260 [ 1.401, 29.986]      1         8.2126e-02    -1.3117e-01     +9.6221e-02
    1.945   2.948  0.862296  1.5072 [ 1.361, 29.988]      1         8.3929e-02    -1.3524e-01     +9.9177e-02
        2   2.931  0.859258  1.4895 [ 1.322, 29.991]      1         8.5689e-02    -1.3922e-01     +1.0209e-01
    2.263   2.872  0.847045  1.4216 [ 1.173, 29.992]      1         9.2983e-02    -1.5597e-01     +1.1443e-01
     2.56   2.831  0.836437  1.3665 [ 1.050, 29.991]      1         9.9674e-02    -1.7162e-01     +1.2611e-01
    2.896   2.803  0.827151  1.3205 [ 0.945, 29.983]      1         1.0589e-01    -1.8634e-01     +1.3725e-01
    3.277   2.785  0.818970  1.2813 [ 0.856, 29.985]      1         1.1172e-01    -2.0029e-01     +1.4789e-01
    3.707   2.775  0.811727  1.2475 [ 0.778, 29.995]      1         1.1723e-01    -2.1357e-01     +1.5810e-01
    4.194   2.773  0.805289  1.2178 [ 0.709, 29.993]      1         1.2246e-01    -2.2626e-01     +1.6799e-01
    4.746   2.775  0.799546  1.1914 [ 0.649, 29.995]      1         1.2745e-01    -2.3841e-01     +1.7754e-01
    5.369   2.783  0.794408  1.1678 [ 0.595, 29.983]      1         1.3224e-01    -2.5007e-01     +1.8685e-01
    6.074   2.794  0.789801  1.1465 [ 0.547, 29.994]      1         1.3683e-01    -2.6127e-01     +1.9583e-01
    6.872   2.809  0.785662  1.1270 [ 0.504, 29.989]      1         1.4125e-01    -2.7205e-01     +2.0461e-01
    7.775   2.827  0.781937  1.1092 [ 0.465, 29.987]      1         1.4552e-01    -2.8243e-01     +2.1316e-01
    8.797   2.847  0.778578  1.0927 [ 0.429, 29.987]      1         1.4964e-01    -2.9241e-01     +2.2149e-01
    9.953   2.870  0.775546  1.0774 [ 0.397, 29.990]      1         1.5362e-01    -3.0203e-01     +2.2962e-01
    11.26   2.894  0.772807  1.0631 [ 0.368, 29.994]      1         1.5748e-01    -3.1129e-01     +2.3755e-01
    12.74   2.921  0.770329  1.0497 [ 0.341, 29.981]      1         1.6121e-01    -3.2020e-01     +2.4535e-01
    14.41   2.949  0.768085  1.0371 [ 0.317, 29.989]      1         1.6483e-01    -3.2877e-01     +2.5292e-01
    16.31   2.978  0.766051  1.0252 [ 0.294, 29.998]      1         1.6833e-01    -3.3701e-01     +2.6032e-01
    18.45   3.009  0.764208  1.0139 [ 0.274, 29.989]      1         1.7173e-01    -3.4493e-01     +2.6760e-01
    20.87   3.041  0.762535  1.0032 [ 0.255, 29.981]      1         1.7503e-01    -3.5254e-01     +2.7472e-01
    23.62   3.074  0.761016  0.9930 [ 0.237, 29.994]      1         1.7822e-01    -3.5984e-01     +2.8162e-01
    26.72   3.108  0.759637  0.9832 [ 0.221, 29.988]      1         1.8132e-01    -3.6684e-01     +2.8841e-01
    30.23   3.142  0.758383  0.9739 [ 0.206, 29.982]      1         1.8433e-01    -3.7355e-01     +2.9505e-01
     34.2   3.178  0.757244  0.9649 [ 0.192, 29.998]      1         1.8724e-01    -3.7997e-01     +3.0149e-01
    38.69   3.214  0.756207  0.9564 [ 0.179, 29.994]      1         1.9007e-01    -3.8612e-01     +3.0782e-01
    43.78   3.251  0.755264  0.9481 [ 0.168, 29.991]      1         1.9281e-01    -3.9200e-01     +3.1400e-01
    49.53   3.288  0.754406  0.9401 [ 0.157, 29.988]      1         1.9546e-01    -3.9762e-01     +3.2003e-01
    56.03   3.326  0.753624  0.9324 [ 0.146, 29.986]      1         1.9803e-01    -4.0298e-01     +3.2591e-01
     63.4   3.364  0.752912  0.9250 [ 0.137, 29.984]      1         2.0052e-01    -4.0810e-01     +3.3164e-01
    71.72   3.403  0.752264  0.9178 [ 0.128, 29.983]      1         2.0293e-01    -4.1298e-01     +3.3723e-01
    81.15   3.442  0.751673  0.9109 [ 0.120, 29.982]      1         2.0527e-01    -4.1764e-01     +3.4267e-01
    91.81   3.481  0.751135  0.9042 [ 0.112, 29.981]      1         2.0752e-01    -4.2206e-01     +3.4797e-01
    103.9   3.520  0.750644  0.8977 [ 0.105, 29.980]      1         2.0971e-01    -4.2628e-01     +3.5313e-01
    117.5   3.560  0.750196  0.8914 [ 0.098, 29.980]      1         2.1183e-01    -4.3029e-01     +3.5814e-01
      133   3.601  0.749788  0.8853 [ 0.092, 29.981]      1         2.1387e-01    -4.3410e-01     +3.6302e-01
    150.4   3.641  0.749415  0.8794 [ 0.086, 29.981]      1         2.1585e-01    -4.3772e-01     +3.6776e-01
    170.2   3.681  0.749075  0.8737 [ 0.081, 29.981]      1         2.1776e-01    -4.4116e-01     +3.7236e-01
    192.5   3.722  0.748765  0.8681 [ 0.076, 29.982]      1         2.1961e-01    -4.4442e-01     +3.7683e-01
    217.8   3.763  0.748481  0.8628 [ 0.071, 29.983]      1         2.2139e-01    -4.4752e-01     +3.8117e-01
    246.5   3.804  0.748223  0.8575 [ 0.066, 29.984]      1         2.2312e-01    -4.5045e-01     +3.8538e-01
    278.8   3.845  0.747986  0.8524 [ 0.062, 29.985]      1         2.2478e-01    -4.5323e-01     +3.8946e-01
    315.5   3.886  0.747771  0.8475 [ 0.058, 29.986]      1         2.2639e-01    -4.5587e-01     +3.9342e-01
    356.9   3.928  0.747573  0.8427 [ 0.055, 29.988]      1         2.2794e-01    -4.5836e-01     +3.9725e-01
    403.8   3.969  0.747393  0.8381 [ 0.051, 29.989]      1         2.2944e-01    -4.6073e-01     +4.0096e-01
    456.9   4.010  0.747228  0.8336 [ 0.048, 29.990]      1         2.3088e-01    -4.6296e-01     +4.0456e-01
    516.9   4.052  0.747078  0.8292 [ 0.045, 29.992]      1         2.3228e-01    -4.6507e-01     +4.0804e-01
    584.8   4.094  0.746940  0.8250 [ 0.043, 29.994]      1         2.3362e-01    -4.6707e-01     +4.1140e-01
    661.6   4.135  0.746814  0.8208 [ 0.040, 29.995]      1         2.3492e-01    -4.6896e-01     +4.1466e-01
    748.6   4.177  0.746699  0.8168 [ 0.037, 29.997]      1         2.3617e-01    -4.7075e-01     +4.1781e-01
    846.9   4.219  0.746594  0.8130 [ 0.035, 29.999]      1         2.3737e-01    -4.7243e-01     +4.2085e-01
    958.2   4.260  0.746497  0.8092 [ 0.033, 29.980]      1         2.3854e-01    -4.7402e-01     +4.2381e-01
     1084   4.302  0.746409  0.8055 [ 0.031, 29.982]      1         2.3965e-01    -4.7553e-01     +4.2665e-01
     1226   4.344  0.746329  0.8020 [ 0.029, 29.984]      1         2.4073e-01    -4.7695e-01     +4.2940e-01
     1388   4.386  0.746255  0.7985 [ 0.027, 29.996]      1         2.4177e-01    -4.7829e-01     +4.3203e-01
     1570   4.428  0.746187  0.7952 [ 0.026, 29.988]      1         2.4277e-01    -4.7955e-01     +4.3460e-01
     1776   4.470  0.746125  0.7919 [ 0.024, 29.995]      1         2.4374e-01    -4.8074e-01     +4.3706e-01
     2010   4.511  0.746068  0.7888 [ 0.023, 29.991]      1         2.4467e-01    -4.8187e-01     +4.3944e-01
     2274   4.553  0.746016  0.7857 [ 0.021, 29.993]      1         2.4556e-01    -4.8293e-01     +4.4174e-01
     2572   4.595  0.745969  0.7828 [ 0.020, 29.980]      1         2.4643e-01    -5.2409e-01     +4.4396e-01
     2910   4.637  0.745925  0.7799 [ 0.019, 29.987]      1         2.4726e-01    -4.8487e-01     +4.4609e-01
     3292   4.679  0.745885  0.7771 [ 0.014, 29.984]      1         2.4805e-01    -5.2047e-01     +4.4815e-01
     3725   4.721  0.745849  0.7744 [ 0.016, 29.986]      1         2.4882e-01    -5.1967e-01     +4.5013e-01
     4214   4.762  0.745815  0.7718 [ 0.007, 29.987]      1         2.4956e-01    -5.1718e-01     +4.5204e-01
     4768   4.804  0.745784  0.7692 [ 0.019, 29.994]      1         2.5028e-01    -5.1827e-01     +4.5388e-01
     5395   4.846  0.745756  0.7668 [ 0.010, 29.987]      1         2.5096e-01    -5.1581e-01     +4.5566e-01
     6103   4.888  0.745730  0.7644 [ 0.013, 29.983]      1         2.5162e-01    -5.1537e-01     +4.5737e-01
     6905   4.930  0.745706  0.7621 [ 0.010, 29.995]      1         2.5226e-01    -5.1400e-01     +4.5900e-01
     7812   4.971  0.745685  0.7598 [ 0.006, 29.986]      1         2.5287e-01    -5.1268e-01     +4.6059e-01
     8839   5.013  0.745665  0.7577 [ 0.003, 29.989]      1         2.5346e-01    -5.1130e-01     +4.6211e-01
    1e+04   5.055  0.745646  0.7556 [ 0.016, 29.995]      1         2.5403e-01    -5.1287e-01     +4.6358e-01
comparison with the continuation branch (planar reduction): max |rho - rho_branch| over the 94 widths = 3.6e-14
